# day, mag
 1.00   4.78
 2.00   3.94
 3.00   3.31
 4.00   2.82
 5.00   2.40
 6.00   2.07
 7.00   1.73
 8.00   1.42
 9.00   1.15
10.00   0.88
11.00   0.65
12.00   0.46
13.00   0.31
14.00   0.19
15.00   0.10
16.00   0.05
17.00   0.01
18.00  -0.01
19.00  -0.03
20.00  -0.04
21.00  -0.03
22.00  -0.03
23.00  -0.00
24.00   0.02
25.00   0.06
26.00   0.10
27.00   0.15
28.00   0.21
29.00   0.28
30.00   0.35
31.00   0.42
32.00   0.50
33.00   0.59
34.00   0.67
35.00   0.74
36.00   0.83
37.00   0.92
38.00   1.01
39.00   1.10
40.00   1.17
41.00   1.25
42.00   1.32
43.00   1.40
44.00   1.48
45.00   1.56
46.00   1.66
47.00   1.75
48.00   1.86
49.00   1.94
50.00   2.04
51.00   2.10
52.00   2.18
53.00   2.26
54.00   2.31
55.00   2.36
56.00   2.41
57.00   2.46
58.00   2.50
59.00   2.56
60.00   2.60
61.00   2.64
62.00   2.68
63.00   2.70
64.00   2.73
65.00   2.77
66.00   2.80
67.00   2.83
68.00   2.86
69.00   2.87
70.00   2.90
71.00   2.91
72.00   2.93
73.00   2.96
74.00   2.97
75.00   2.99
76.00   3.02
77.00   3.03
78.00   3.05
79.00   3.08
80.00   3.09
81.00   3.12
82.00   3.15
83.00   3.16
84.00   3.18
85.00   3.21
86.00   3.22
87.00   3.25
88.00   3.28
89.00   3.29
90.00   3.32
