# day, mag
 1.00   5.32
 2.00   4.37
 3.00   3.74
 4.00   3.26
 5.00   2.78
 6.00   2.38
 7.00   2.01
 8.00   1.66
 9.00   1.20
10.00   0.94
11.00   0.73
12.00   0.60
13.00   0.51
14.00   0.43
15.00   0.37
16.00   0.34
17.00   0.31
18.00   0.30
19.00   0.28
20.00   0.28
21.00   0.25
22.00   0.22
23.00   0.22
24.00   0.23
25.00   0.25
26.00   0.30
27.00   0.37
28.00   0.44
29.00   0.52
30.00   0.62
31.00   0.67
32.00   0.72
33.00   0.76
34.00   0.82
35.00   0.89
36.00   0.89
37.00   0.88
38.00   0.88
39.00   0.87
40.00   0.86
41.00   0.90
42.00   0.93
43.00   0.96
44.00   0.97
45.00   1.00
46.00   1.06
47.00   1.12
48.00   1.17
49.00   1.22
50.00   1.27
51.00   1.35
52.00   1.42
53.00   1.47
54.00   1.54
55.00   1.59
56.00   1.65
57.00   1.69
58.00   1.74
59.00   1.79
60.00   1.83
61.00   1.88
62.00   1.91
63.00   1.96
64.00   1.98
65.00   2.02
66.00   2.05
67.00   2.08
68.00   2.10
69.00   2.13
70.00   2.15
71.00   2.18
72.00   2.22
73.00   2.25
74.00   2.29
75.00   2.32
76.00   2.36
77.00   2.39
78.00   2.43
79.00   2.46
80.00   2.50
81.00   2.52
82.00   2.52
83.00   2.54
84.00   2.56
85.00   2.56
86.00   2.58
87.00   2.60
88.00   2.61
89.00   2.63
90.00   2.65
