# day, mag
 1.00   4.61
 2.00   3.74
 3.00   3.11
 4.00   2.63
 5.00   2.24
 6.00   1.93
 7.00   1.57
 8.00   1.25
 9.00   0.96
10.00   0.70
11.00   0.49
12.00   0.32
13.00   0.19
14.00   0.08
15.00  -0.01
16.00  -0.06
17.00  -0.10
18.00  -0.13
19.00  -0.14
20.00  -0.13
21.00  -0.12
22.00  -0.10
23.00  -0.07
24.00  -0.03
25.00   0.03
26.00   0.09
27.00   0.16
28.00   0.24
29.00   0.33
30.00   0.43
31.00   0.52
32.00   0.63
33.00   0.73
34.00   0.84
35.00   0.94
36.00   1.05
37.00   1.17
38.00   1.28
39.00   1.39
40.00   1.50
41.00   1.60
42.00   1.71
43.00   1.80
44.00   1.91
45.00   2.00
46.00   2.09
47.00   2.17
48.00   2.26
49.00   2.32
50.00   2.40
51.00   2.46
52.00   2.53
53.00   2.59
54.00   2.64
55.00   2.68
56.00   2.73
57.00   2.77
58.00   2.81
59.00   2.85
60.00   2.89
61.00   2.91
62.00   2.96
63.00   2.99
64.00   3.02
65.00   3.05
66.00   3.06
67.00   3.09
68.00   3.11
69.00   3.12
70.00   3.14
71.00   3.16
72.00   3.17
73.00   3.19
74.00   3.20
75.00   3.22
76.00   3.24
77.00   3.25
78.00   3.27
79.00   3.29
80.00   3.30
81.00   3.32
82.00   3.34
83.00   3.35
84.00   3.37
85.00   3.39
86.00   3.39
87.00   3.41
88.00   3.43
89.00   3.44
90.00   3.46
